Recall: 0.14285714285714285
Precision: 0.14025974025974025
F1-Score: 0.14149659863945582
Accuracy: 0.14285714285714285
CM: [[2 3 1 1 2 1 0]
 [2 0 0 3 1 2 2]
 [1 2 1 1 4 1 0]
 [2 1 1 2 1 3 0]
 [1 1 2 1 2 0 3]
 [0 1 2 2 1 1 3]
 [2 1 3 0 0 2 2]]
classification_report:
              precision    recall  f1-score   support

           0       0.20      0.20      0.20        10
           1       0.00      0.00      0.00        10
           2       0.10      0.10      0.10        10
           3       0.20      0.20      0.20        10
           4       0.18      0.20      0.19        10
           5       0.10      0.10      0.10        10
           6       0.20      0.20      0.20        10

    accuracy                           0.14        70
   macro avg       0.14      0.14      0.14        70
weighted avg       0.14      0.14      0.14        70

